           1          97           1
           1          93           1
           1          60           1
           1          58           1
           1          45           1
           1          39           1
           1          31           1
           1          25           1
           1          17           1
           1          13           1
           1           8           1
           1           6           1
           1           5           1
           1           4           1
           1           3           1
           1           2           1
           2         100           1
           2          94           1
           2          54           1
           2          40           1
           2          34           1
           2          21           1
           2          20           1
           2          18           1
           2          15           1
           2          12           1
           2          11           1
           2          10           1
           2           9           1
           2           8           1
           2           7           1
           2           6           1
           2           4           1
           2           3           1
           2           1           1
           3          98           1
           3          90           1
           3          73           1
           3          68           1
           3          66           1
           3          55           1
           3          53           1
           3          47           1
           3          41           1
           3          33           1
           3          30           1
           3          24           1
           3          23           1
           3          19           1
           3          17           1
           3          14           1
           3          11           1
           3          10           1
           3           7           1
           3           5           1
           3           4           1
           3           2           1
           3           1           1
           4          98           1
           4          87           1
           4          86           1
           4          77           1
           4          70           1
           4          63           1
           4          58           1
           4          49           1
           4          43           1
           4          39           1
           4          36           1
           4          34           1
           4          28           1
           4          27           1
           4          26           1
           4          24           1
           4          22           1
           4          18           1
           4          16           1
           4          14           1
           4          12           1
           4          10           1
           4           9           1
           4           8           1
           4           6           1
           4           5           1
           4           3           1
           4           2           1
           4           1           1
           5          79           1
           5           4           1
           5           3           1
           5           1           1
           6          71           1
           6          68           1
           6          65           1
           6          42           1
           6          37           1
           6          20           1
           6          12           1
           6           9           1
           6           7           1
           6           2           1
           6           4           1
           6           1           1
           7          99           1
           7          78           1
           7          74           1
           7          64           1
           7          25           1
           7          22           1
           7          16           1
           7           6           1
           7           2           1
           7           3           1
           8          87           1
           8          82           1
           8          80           1
           8          57           1
           8          35           1
           8          16           1
           8           1           1
           8           4           1
           8           2           1
           9          96           1
           9          92           1
           9          61           1
           9          52           1
           9          26           1
           9          21           1
           9          20           1
           9          19           1
           9          17           1
           9          14           1
           9          11           1
           9           2           1
           9           6           1
           9           4           1
          10          71           1
          10          43           1
          10          36           1
          10          15           1
          10          13           1
          10           4           1
          10           2           1
          10           3           1
          11          91           1
          11          86           1
          11          74           1
          11          66           1
          11          48           1
          11          44           1
          11          40           1
          11          38           1
          11          32           1
          11          15           1
          11           2           1
          11           3           1
          11           9           1
          12          91           1
          12          88           1
          12          72           1
          12          53           1
          12          52           1
          12          40           1
          12          34           1
          12          31           1
          12          22           1
          12          19           1
          12          18           1
          12          13           1
          12           6           1
          12           2           1
          12           4           1
          13          97           1
          13          95           1
          13          94           1
          13          93           1
          13          91           1
          13          89           1
          13          79           1
          13          71           1
          13          64           1
          13          54           1
          13          41           1
          13          33           1
          13          32           1
          13          24           1
          13          10           1
          13           1           1
          13          12           1
          14          36           1
          14          30           1
          14          21           1
          14           3           1
          14           4           1
          14           9           1
          15          96           1
          15          81           1
          15          26           1
          15          11           1
          15           2           1
          15          10           1
          16          49           1
          16          45           1
          16          31           1
          16           7           1
          16           8           1
          16           4           1
          17          93           1
          17          85           1
          17          70           1
          17          29           1
          17          28           1
          17          27           1
          17          25           1
          17           1           1
          17           3           1
          17           9           1
          18         100           1
          18          69           1
          18          61           1
          18          50           1
          18          37           1
          18          35           1
          18          27           1
          18           2           1
          18           4           1
          18          12           1
          19          78           1
          19          46           1
          19          43           1
          19          41           1
          19          38           1
          19          12           1
          19           9           1
          19           3           1
          20          92           1
          20          87           1
          20          69           1
          20          62           1
          20          42           1
          20          30           1
          20          23           1
          20           6           1
          20           2           1
          20           9           1
          21          75           1
          21          44           1
          21          23           1
          21           9           1
          21          14           1
          21           2           1
          22          85           1
          22          64           1
          22          29           1
          22          12           1
          22           7           1
          22           4           1
          23          76           1
          23          48           1
          23          45           1
          23          20           1
          23          21           1
          23           3           1
          24          83           1
          24          67           1
          24          54           1
          24          50           1
          24           3           1
          24           4           1
          24          13           1
          25           7           1
          25           1           1
          25          17           1
          26          80           1
          26          74           1
          26          62           1
          26          59           1
          26          29           1
          26           4           1
          26           9           1
          26          15           1
          27          70           1
          27          28           1
          27           4           1
          27          18           1
          27          17           1
          28          95           1
          28          84           1
          28          65           1
          28          62           1
          28          57           1
          28          55           1
          28          48           1
          28          35           1
          28           4           1
          28          17           1
          28          27           1
          29          95           1
          29          89           1
          29          81           1
          29          17           1
          29          22           1
          29          26           1
          30          69           1
          30          42           1
          30          37           1
          30          20           1
          30           3           1
          30          14           1
          31          90           1
          31          82           1
          31          79           1
          31          77           1
          31          53           1
          31          51           1
          31          49           1
          31          33           1
          31          32           1
          31          16           1
          31          12           1
          31           1           1
          32          98           1
          32          75           1
          32          66           1
          32          56           1
          32          38           1
          32          13           1
          32          31           1
          32          11           1
          33          60           1
          33          39           1
          33           3           1
          33          31           1
          33          13           1
          34           4           1
          34          12           1
          34           2           1
          35          58           1
          35          57           1
          35          56           1
          35          47           1
          35          44           1
          35           8           1
          35          28           1
          35          18           1
          36          50           1
          36           4           1
          36          10           1
          36          14           1
          37          76           1
          37          18           1
          37          30           1
          37           6           1
          38          55           1
          38          46           1
          38          19           1
          38          32           1
          38          11           1
          39          83           1
          39          63           1
          39          59           1
          39           4           1
          39          33           1
          39           1           1
          40          12           1
          40           2           1
          40          11           1
          41          73           1
          41          13           1
          41           3           1
          41          19           1
          42          96           1
          42          76           1
          42          52           1
          42          46           1
          42           6           1
          42          30           1
          42          20           1
          43          59           1
          43          51           1
          43          47           1
          43           4           1
          43          19           1
          43          10           1
          44          84           1
          44          21           1
          44          11           1
          44          35           1
          45           1           1
          45          16           1
          45          23           1
          46          72           1
          46          61           1
          46          42           1
          46          38           1
          46          19           1
          47          43           1
          47          35           1
          47           3           1
          48          75           1
          48          23           1
          48          11           1
          48          28           1
          49          73           1
          49          51           1
          49          31           1
          49           4           1
          49          16           1
          50         100           1
          50          80           1
          50          60           1
          50          36           1
          50          24           1
          50          18           1
          51          56           1
          51          49           1
          51          31           1
          51          43           1
          52           9           1
          52          42           1
          52          12           1
          53          12           1
          53           3           1
          53          31           1
          54           2           1
          54          24           1
          54          13           1
          55          65           1
          55          28           1
          55          38           1
          55           3           1
          56          32           1
          56          35           1
          56          51           1
          57          67           1
          57          35           1
          57          28           1
          57           8           1
          58          99           1
          58          35           1
          58           4           1
          58           1           1
          59          43           1
          59          39           1
          59          26           1
          60          94           1
          60          33           1
          60          50           1
          60           1           1
          61          46           1
          61           9           1
          61          18           1
          62          82           1
          62          63           1
          62          26           1
          62          28           1
          62          20           1
          63          84           1
          63          67           1
          63          62           1
          63           4           1
          63          39           1
          64          77           1
          64          72           1
          64          22           1
          64          13           1
          64           7           1
          65          88           1
          65          55           1
          65           6           1
          65          28           1
          66          85           1
          66           3           1
          66          32           1
          66          11           1
          67          68           1
          67          24           1
          67          57           1
          67          63           1
          68           6           1
          68           3           1
          68          67           1
          69          78           1
          69          18           1
          69          30           1
          69          20           1
          70          81           1
          70          17           1
          70          27           1
          70           4           1
          71          13           1
          71          10           1
          71           6           1
          72          64           1
          72          12           1
          72          46           1
          73           3           1
          73          41           1
          73          49           1
          74          83           1
          74           7           1
          74          26           1
          74          11           1
          75          21           1
          75          32           1
          75          48           1
          76          88           1
          76          23           1
          76          42           1
          76          37           1
          77          64           1
          77          31           1
          77           4           1
          78          92           1
          78          69           1
          78           7           1
          78          19           1
          79          31           1
          79           5           1
          79          13           1
          80           8           1
          80          26           1
          80          50           1
          81          29           1
          81          70           1
          81          15           1
          82          31           1
          82          62           1
          82           8           1
          83          89           1
          83          39           1
          83          24           1
          83          74           1
          84          90           1
          84          28           1
          84          44           1
          84          63           1
          85          86           1
          85          22           1
          85          17           1
          85          66           1
          86          99           1
          86          97           1
          86           4           1
          86          85           1
          86          11           1
          87          20           1
          87           4           1
          87           8           1
          88          76           1
          88          65           1
          88          12           1
          89          13           1
          89          29           1
          89          83           1
          90          84           1
          90           3           1
          90          31           1
          91          11           1
          91          12           1
          91          13           1
          92          78           1
          92          20           1
          92           9           1
          93          17           1
          93          13           1
          93           1           1
          94           2           1
          94          13           1
          94          60           1
          95          28           1
          95          29           1
          95          13           1
          96           9           1
          96          42           1
          96          15           1
          97          86           1
          97           1           1
          97          13           1
          98           3           1
          98          32           1
          98           4           1
          99          86           1
          99           7           1
          99          58           1
         100          18           1
         100           2           1
         100          50           1
