           1           4           1
           1           3           1
           1           2           1
           1         100           1
           1          99           1
           1          98           1
           2           5           1
           2           4           1
           2           3           1
           2         100           1
           2          99           1
           2           1           1
           3           6           1
           3           5           1
           3           4           1
           3         100           1
           3           2           1
           3           1           1
           4           7           1
           4           6           1
           4           5           1
           4           3           1
           4           2           1
           4           1           1
           5           8           1
           5           7           1
           5           6           1
           5           4           1
           5           3           1
           5           2           1
           6           9           1
           6           8           1
           6           7           1
           6           5           1
           6           4           1
           6           3           1
           7          10           1
           7           9           1
           7           8           1
           7           6           1
           7           5           1
           7           4           1
           8          11           1
           8          10           1
           8           9           1
           8           7           1
           8           6           1
           8           5           1
           9          12           1
           9          11           1
           9          10           1
           9           8           1
           9           7           1
           9           6           1
          10          13           1
          10          12           1
          10          11           1
          10          51           1
          10           9           1
          10           8           1
          10           7           1
          11          14           1
          11          13           1
          11          12           1
          11          10           1
          11           9           1
          11           8           1
          12          15           1
          12          14           1
          12          13           1
          12          11           1
          12          10           1
          12           9           1
          13          16           1
          13          15           1
          13          14           1
          13          12           1
          13          11           1
          13          10           1
          14          17           1
          14          16           1
          14          15           1
          14          13           1
          14          12           1
          14          11           1
          15          18           1
          15          17           1
          15          16           1
          15          94           1
          15          14           1
          15          13           1
          15          12           1
          16          19           1
          16          18           1
          16          17           1
          16          15           1
          16          14           1
          16          13           1
          17          20           1
          17          19           1
          17          18           1
          17          16           1
          17          15           1
          17          14           1
          18          21           1
          18          20           1
          18          19           1
          18          17           1
          18          16           1
          18          15           1
          19          22           1
          19          21           1
          19          20           1
          19          18           1
          19          17           1
          19          16           1
          20          23           1
          20          22           1
          20          21           1
          20          55           1
          20          19           1
          20          18           1
          20          17           1
          21          24           1
          21          23           1
          21          22           1
          21          20           1
          21          19           1
          21          18           1
          22          25           1
          22          24           1
          22          23           1
          22          21           1
          22          20           1
          22          19           1
          23          26           1
          23          25           1
          23          24           1
          23          22           1
          23          21           1
          23          20           1
          24          27           1
          24          26           1
          24          25           1
          24          23           1
          24          22           1
          24          21           1
          25          28           1
          25          27           1
          25          26           1
          25          24           1
          25          23           1
          25          22           1
          26          29           1
          26          28           1
          26          27           1
          26          25           1
          26          24           1
          26          23           1
          27          30           1
          27          29           1
          27          28           1
          27          26           1
          27          25           1
          27          24           1
          28          58           1
          28          30           1
          28          29           1
          28          27           1
          28          26           1
          28          25           1
          29          32           1
          29          31           1
          29          30           1
          29          28           1
          29          27           1
          29          26           1
          30          33           1
          30          32           1
          30          31           1
          30          29           1
          30          28           1
          30          27           1
          31          34           1
          31          33           1
          31          32           1
          31          91           1
          31          30           1
          31          29           1
          32          35           1
          32          34           1
          32          33           1
          32          31           1
          32          30           1
          32          29           1
          33          36           1
          33          35           1
          33          34           1
          33          90           1
          33          32           1
          33          31           1
          33          30           1
          34          37           1
          34          36           1
          34          35           1
          34          33           1
          34          32           1
          34          31           1
          35          38           1
          35          37           1
          35          36           1
          35          34           1
          35          33           1
          35          32           1
          36          39           1
          36          93           1
          36          37           1
          36          35           1
          36          34           1
          36          33           1
          37          40           1
          37          39           1
          37          38           1
          37          36           1
          37          35           1
          37          34           1
          38          41           1
          38          40           1
          38          39           1
          38          37           1
          38          35           1
          39          42           1
          39          41           1
          39          40           1
          39          96           1
          39          38           1
          39          37           1
          39          36           1
          40          43           1
          40          42           1
          40          41           1
          40          39           1
          40          38           1
          40          37           1
          41          44           1
          41          43           1
          41          42           1
          41          40           1
          41          39           1
          41          38           1
          42          62           1
          42          44           1
          42          43           1
          42          41           1
          42          40           1
          42          39           1
          43          46           1
          43          45           1
          43          44           1
          43          42           1
          43          41           1
          43          40           1
          44          47           1
          44          46           1
          44          45           1
          44          43           1
          44          42           1
          44          41           1
          45          48           1
          45          47           1
          45          46           1
          45          44           1
          45          43           1
          46          49           1
          46          48           1
          46          47           1
          46          45           1
          46          44           1
          46          43           1
          47          50           1
          47          49           1
          47          48           1
          47          46           1
          47          45           1
          47          44           1
          48          51           1
          48          50           1
          48          49           1
          48          47           1
          48          46           1
          48          45           1
          49          52           1
          49          51           1
          49          50           1
          49          48           1
          49          47           1
          49          46           1
          50          53           1
          50          52           1
          50          51           1
          50          49           1
          50          48           1
          50          47           1
          51          10           1
          51          53           1
          51          52           1
          51          50           1
          51          49           1
          51          48           1
          52          55           1
          52          54           1
          52          53           1
          52          51           1
          52          50           1
          52          49           1
          53          56           1
          53          55           1
          53          54           1
          53          52           1
          53          51           1
          53          50           1
          54          57           1
          54          56           1
          54          55           1
          54          53           1
          54          52           1
          55          58           1
          55          57           1
          55          20           1
          55          54           1
          55          53           1
          55          52           1
          56          92           1
          56          58           1
          56          57           1
          56          54           1
          56          53           1
          57          60           1
          57          59           1
          57          58           1
          57          56           1
          57          55           1
          57          54           1
          58          61           1
          58          60           1
          58          59           1
          58          28           1
          58          57           1
          58          56           1
          58          55           1
          59          62           1
          59          61           1
          59          60           1
          59          58           1
          59          57           1
          60          63           1
          60          62           1
          60          61           1
          60          59           1
          60          58           1
          60          57           1
          61          64           1
          61          63           1
          61          62           1
          61          60           1
          61          59           1
          61          58           1
          62          65           1
          62          64           1
          62          63           1
          62          42           1
          62          61           1
          62          60           1
          62          59           1
          63          66           1
          63          65           1
          63          64           1
          63          62           1
          63          61           1
          63          60           1
          64          67           1
          64          66           1
          64          65           1
          64          63           1
          64          62           1
          64          61           1
          65          68           1
          65          67           1
          65          66           1
          65          64           1
          65          63           1
          65          62           1
          66          69           1
          66          68           1
          66          67           1
          66          65           1
          66          64           1
          66          63           1
          67          70           1
          67          69           1
          67          68           1
          67          66           1
          67          65           1
          67          64           1
          68          71           1
          68          70           1
          68          69           1
          68          67           1
          68          66           1
          68          65           1
          69          72           1
          69          71           1
          69          70           1
          69          68           1
          69          67           1
          69          66           1
          70          73           1
          70          72           1
          70          71           1
          70          69           1
          70          68           1
          70          67           1
          71          74           1
          71          73           1
          71          72           1
          71          70           1
          71          69           1
          71          68           1
          72          75           1
          72          74           1
          72          73           1
          72          71           1
          72          70           1
          72          69           1
          73          76           1
          73          75           1
          73          74           1
          73          72           1
          73          71           1
          73          70           1
          74          77           1
          74          76           1
          74          75           1
          74          73           1
          74          72           1
          74          71           1
          75          78           1
          75          77           1
          75          76           1
          75          74           1
          75          73           1
          75          72           1
          76          79           1
          76          78           1
          76          77           1
          76          75           1
          76          74           1
          76          73           1
          77          80           1
          77          79           1
          77          78           1
          77          76           1
          77          75           1
          77          74           1
          78          81           1
          78          80           1
          78          79           1
          78          77           1
          78          76           1
          78          75           1
          79          82           1
          79          81           1
          79          80           1
          79          78           1
          79          77           1
          79          76           1
          80          83           1
          80          82           1
          80          81           1
          80          79           1
          80          78           1
          80          77           1
          81          84           1
          81          83           1
          81          82           1
          81          80           1
          81          79           1
          81          78           1
          82          85           1
          82          84           1
          82          83           1
          82          81           1
          82          80           1
          82          79           1
          83          86           1
          83          85           1
          83          84           1
          83          82           1
          83          81           1
          83          80           1
          84          87           1
          84          86           1
          84          85           1
          84          83           1
          84          82           1
          84          81           1
          85          88           1
          85          87           1
          85          86           1
          85          84           1
          85          83           1
          85          82           1
          86          89           1
          86          88           1
          86          87           1
          86          85           1
          86          84           1
          86          83           1
          87          90           1
          87          89           1
          87          88           1
          87          86           1
          87          85           1
          87          84           1
          88          91           1
          88          90           1
          88          89           1
          88          87           1
          88          86           1
          88          85           1
          89          92           1
          89          91           1
          89          90           1
          89          88           1
          89          87           1
          89          86           1
          90          93           1
          90          33           1
          90          91           1
          90          89           1
          90          88           1
          90          87           1
          91          31           1
          91          93           1
          91          92           1
          91          90           1
          91          89           1
          91          88           1
          92          95           1
          92          94           1
          92          93           1
          92          56           1
          92          91           1
          92          89           1
          93          96           1
          93          95           1
          93          94           1
          93          36           1
          93          92           1
          93          91           1
          93          90           1
          94          97           1
          94          96           1
          94          15           1
          94          93           1
          94          92           1
          95          98           1
          95          97           1
          95          96           1
          95          93           1
          95          92           1
          96          99           1
          96          39           1
          96          97           1
          96          95           1
          96          94           1
          96          93           1
          97         100           1
          97          99           1
          97          98           1
          97          96           1
          97          95           1
          97          94           1
          98           1           1
          98         100           1
          98          99           1
          98          97           1
          98          95           1
          99           2           1
          99           1           1
          99         100           1
          99          98           1
          99          97           1
          99          96           1
         100           3           1
         100           2           1
         100           1           1
         100          99           1
         100          98           1
         100          97           1
